0 1 2 3 4 5 6 7 8 9 10 
0 1 2 3 4 5 6 7 8 9 10 11 12 13 14 15 16 17 18 19 20 21 
32 32 32 32 32 32 32 32 32 32 32 32 32 32 32 32 32 32 32 32 32 32 
[0,11] [1,12] [2,13] [3,14] [4,15] [5,16] [6,17] [7,18] [8,19] [9,20] [10,21] 
[0,1,2,3,4,5,6,7,8,9,10] [11,12,13,14,15,16,17,18,19,20,21] 
{(9, 20): 1, (16, 17): 1, (1, 12): 1, (5, 16): 1, (12, 13): 1, (15, 16): 1, (4, 15): 1, (10, 21): 1, (2, 13): 1, (7, 18): 1, (20, 21): 1, (13, 14): 1, (0, 11): 1, (14, 15): 1, (8, 19): 1, (18, 19): 1, (6, 17): 1, (17, 18): 1, (11, 12): 1, (19, 20): 1, (3, 14): 1}


32 32 32 32 32 32 32 32 32 32 32 
0 1 2 3 4 5 6 7 8 9 10 
22
[0,1,2,3,4,5,6,7,8,9,10] 
32
-1 -1 -1 -1 -1 -1 -1 -1 -1 -1 -1 
mem
0 1 2 3 4 5 6 7 8 9 10 
1 5001 10001 15001 16384 16384 21384 26384 31384 36384 41384 46384 51384 56384 61384 65536 
3.0 0.000599880023995 0.000299970003 0.000199986667555 0.00018310546875 1 1 1 1 1 1 1 1 1 1 1 
